==============================================================================
【ベースライン】 LRU=0.198  ARC=0.217  ppr_demand=0.245  memo=0.310
==============================================================================
  rank     θ    λ    β    γ     hit   vs LRU  vs ARC  vs PPD
------------------------------------------------------------------------------
     1   1.0  5.0  1.0  1.0  0.242  +0.045  +0.026  -0.003  LA
     2   1.0  3.0  1.0  1.0  0.236  +0.039  +0.020  -0.009  LA
     3   1.0  2.0  1.0  1.0  0.228  +0.030  +0.011  -0.018  LA
     4   1.0  1.0  2.0  1.0  0.224  +0.027  +0.008  -0.021  LA
     5   1.0  1.0  1.5  1.0  0.222  +0.024  +0.005  -0.024  LA
     6   1.0  1.5  1.0  1.0  0.222  +0.024  +0.005  -0.024  LA
     7   2.0  1.0  1.0  1.0  0.219  +0.021  +0.002  -0.027  LA
     8   1.0  1.0  1.0  2.0  0.218  +0.020  +0.002  -0.027  LA
     9   1.5  1.0  1.0  1.0  0.218  +0.020  +0.002  -0.027  LA
    10   1.0  1.0  1.0  0.5  0.217  +0.019  +0.000  -0.029  L
    11   1.0  1.0  1.0  1.5  0.216  +0.018  -0.001  -0.030  L
    12   1.0  1.0  1.0  0.0  0.215  +0.017  -0.002  -0.030  L
    13   1.0  1.0  1.0  1.0  0.215  +0.017  -0.002  -0.030  L
    14   0.5  1.0  1.0  1.0  0.214  +0.017  -0.002  -0.031  L
    15   0.0  1.0  1.0  1.0  0.213  +0.016  -0.003  -0.032  L
    16   1.0  0.0  2.0  0.0  0.213  +0.016  -0.003  -0.032  L
    17   1.0  0.5  2.0  1.0  0.213  +0.016  -0.003  -0.032  L
    18   1.0  1.0  2.0  1.0  0.213  +0.016  -0.003  -0.032  L
    19   1.5  0.0  1.5  0.0  0.213  +0.016  -0.003  -0.032  L
    20   1.0  1.0  1.5  1.0  0.213  +0.015  -0.004  -0.033  L
    21   1.0  1.0  1.0  2.0  0.212  +0.014  -0.005  -0.034  L
    22   2.0  1.0  1.0  1.0  0.212  +0.014  -0.005  -0.034  L
    23   1.0  0.7  1.0  1.0  0.211  +0.014  -0.005  -0.034  L
    24   1.0  1.0  0.5  1.0  0.211  +0.014  -0.005  -0.034  L
    25   1.0  1.0  1.0  1.5  0.211  +0.013  -0.006  -0.035  L
    26   1.5  1.0  1.0  1.0  0.211  +0.013  -0.006  -0.035  L
    27   1.0  0.5  1.0  1.0  0.210  +0.013  -0.006  -0.035  L
    28   1.0  0.0  1.0  1.0  0.210  +0.012  -0.007  -0.036  L
    29   1.0  0.5  1.0  1.0  0.210  +0.012  -0.007  -0.036  L
    30   1.0  1.0  1.0  1.0  0.210  +0.012  -0.007  -0.036  L
    31   1.0  1.5  1.0  1.0  0.210  +0.012  -0.007  -0.036  L
    32   1.0  2.0  1.0  1.0  0.210  +0.012  -0.007  -0.036  L
    33   1.0  0.3  1.0  1.0  0.209  +0.012  -0.007  -0.036  L
    34   0.5  1.0  1.0  1.0  0.209  +0.011  -0.008  -0.037  L
    35   1.0  0.0  1.0  1.0  0.208  +0.010  -0.008  -0.037  L
    36   1.0  0.1  1.0  1.0  0.208  +0.010  -0.008  -0.037  L
    37   1.0  1.0  0.0  1.0  0.208  +0.010  -0.008  -0.037  L
    38   0.0  1.0  1.0  1.0  0.208  +0.010  -0.009  -0.038  L
    39   1.0  1.0  1.0  0.5  0.208  +0.010  -0.009  -0.038  L
    40   2.0  0.0  1.0  0.0  0.207  +0.009  -0.009  -0.038  L
    41   1.0  1.0  1.0  0.0  0.206  +0.008  -0.011  -0.040  L
    42   1.0  1.0  0.5  1.0  0.204  +0.006  -0.013  -0.041  L
    43   0.0  0.0  1.0  0.0  0.203  +0.005  -0.014  -0.042  L
    44   0.0  0.0  0.0  1.0  0.199  +0.002  -0.017  -0.046  L
    45   1.0  1.0  0.0  1.0  0.199  +0.002  -0.017  -0.046  L
    46   1.0  0.0  0.0  0.0  0.199  +0.001  -0.018  -0.047  L
    47   0.0  1.0  0.0  0.0  0.198  +0.001  -0.018  -0.047  L
